3
8
16
19
21
33
44
50
58
61
71
77
84
96
117
139
142
147
180
200
202
206
244
267
317
321
347
361
380
387
398
407
471
486
489
509
514
530
568
590
595
612
622
626
654
658
664
684
699
704
717
720
727
760
773
786
787
812
814
817
843
855
856
907
950
955
957
1023
1042
1056
1066
1091
1094
1108
1141
1148
1152
1168
1174
1187
1231
1235
1246
1276
1277
1305
1308
1344
1359
1362
1393
1394
1410
1411
1468
1504
1524
1536
1540
1542
1546
1553
1572
1574
1606
1610
1615
1655
1672
1680
1682
1687
1691
1692
1711
1712
1713
1719
1727
1733
1761
1770
1782
1784
1786
1803
1812
1816
1820
1829
1831
1841
1845
1878
1882
1931
1940
1944
1947
1974
1975
1977
2009
2031
2035
2052
2065
2110
2113
2138
2149
2154
2157
2174
2178
2184
2185
2202
2222
2233
2291
2301
2302
2317
2320
2351
2354
2373
2383
2393
2403
2413
2415
2417
2423
2449
2454
2455
2472
2494
2495
2528
2541
2543
2553
2563
2589
2603
2654
2656
2658
2676
2690
2693
2700
2708
2720
2721
2729
2732
2734
2756
2786
2792
2801
2821
2851
2887
2906
2909
2924
2929
2966
2980
